5 0 799.496
Vitor
5 1 186.083
Vitor
5 1 346.273
Vitor
5 2 654.855
Vitor
5 3 629.117
Vitor
5 4 314.359
Vitor
5 6 665.863
Vitor
5 7 71.085
Vitor
5 5 973.050
Vitor
5 7 968.888
Vitor
5 2 154.508
Vitor
5 11 555.706
Vitor
5 5 130.014
Vitor
5 1 920.720
Vitor
5 13 105.503
Vitor
5 10 52.363
Vitor
5 8 96.486
Vitor
5 2 562.717
Vitor
5 10 193.827
Vitor
5 17 742.058
Vitor
5 17 784.581
Vitor
5 12 253.729
Vitor
5 21 348.626
Vitor
5 20 313.401
Vitor
5 6 600.446
Vitor
5 15 952.032
Vitor
5 6 250.956
Vitor
5 26 33.471
Vitor
5 7 390.884
Vitor
5 16 443.781
Vitor
5 8 845.268
Vitor
5 31 917.738
Vitor
5 28 767.294
Vitor
5 20 417.218
Vitor
5 6 214.380
Vitor
5 29 816.770
Vitor
5 23 248.397
Vitor
5 7 998.462
Vitor
5 19 428.018
Vitor
5 13 951.405
Vitor
5 17 110.504
Vitor
5 30 816.123
Vitor
5 39 927.527
Vitor
5 42 742.431
Vitor
5 28 352.843
Vitor
5 5 331.150
Vitor
5 26 715.060
Vitor
5 30 172.570
Vitor
5 35 762.048
Vitor
5 6 476.179
Vitor
5 29 781.769
Vitor
5 4 8.094
Vitor
5 48 396.153
Vitor
5 41 659.895
Vitor
5 22 834.772
Vitor
5 28 885.339
Vitor
5 46 547.441
Vitor
5 3 823.089
Vitor
5 43 100.114
Vitor
5 48 826.084
Vitor
5 18 784.436
Vitor
5 46 167.420
Vitor
5 39 922.475
Vitor
5 48 14.554
Vitor
5 44 446.132
Vitor
5 35 177.303
Vitor
5 58 300.035
Vitor
5 50 290.772
Vitor
5 29 708.307
Vitor
5 30 553.063
Vitor
5 20 111.023
Vitor
5 11 4.708
Vitor
5 49 172.570
Vitor
5 67 166.137
Vitor
5 15 909.670
Vitor
5 49 241.993
Vitor
5 20 665.807
Vitor
5 20 226.307
Vitor
5 49 749.404
Vitor
5 50 305.509
Vitor
5 17 731.596
Vitor
5 7 939.790
Vitor
5 62 700.915
Vitor
5 57 760.524
Vitor
5 67 213.934
Vitor
5 38 468.653
Vitor
5 74 268.342
Vitor
5 31 16.126
Vitor
5 33 333.864
Vitor
5 12 746.300
Vitor
5 47 207.188
Vitor
5 56 970.345
Vitor
5 8 914.059
Vitor
5 89 493.982
Vitor
5 24 953.867
Vitor
5 9 375.352
Vitor
5 24 315.008
Vitor
5 16 749.798
Vitor
5 10 578.408
Vitor
5 31 425.145
Vitor
