5 0 13.497
Vitor
5 1 462.365
Vitor
5 1 491.976
Vitor
5 2 130.896
Vitor
5 3 552.719
Vitor
5 4 225.658
Vitor
5 2 265.124
Vitor
5 7 95.976
Vitor
5 5 435.115
Vitor
5 4 319.107
Vitor
5 5 244.394
Vitor
5 3 666.625
Vitor
5 6 365.458
Vitor
5 7 597.696
Vitor
5 5 275.930
Vitor
5 7 66.008
Vitor
5 4 195.851
Vitor
5 11 26.932
Vitor
5 18 467.557
Vitor
5 16 185.237
Vitor
5 9 574.308
Vitor
5 19 246.948
Vitor
5 13 166.744
Vitor
5 8 668.101
Vitor
5 20 900.299
Vitor
5 9 958.885
Vitor
5 1 991.668
Vitor
5 26 920.359
Vitor
5 27 230.040
Vitor
5 17 886.405
Vitor
5 13 227.119
Vitor
5 7 828.102
Vitor
5 27 997.139
Vitor
5 1 627.150
Vitor
5 5 45.566
Vitor
5 5 517.676
Vitor
5 7 772.339
Vitor
5 13 975.658
Vitor
5 38 140.253
Vitor
5 13 57.295
Vitor
5 33 147.319
Vitor
5 17 701.598
Vitor
5 29 674.395
Vitor
5 36 528.818
Vitor
5 40 656.366
Vitor
5 1 443.110
Vitor
5 36 400.341
Vitor
5 40 822.808
Vitor
5 41 158.950
Vitor
5 31 894.880
Vitor
5 17 295.049
Vitor
5 42 340.742
Vitor
5 46 209.885
Vitor
5 13 522.824
Vitor
5 39 992.864
Vitor
5 47 907.042
Vitor
5 8 145.356
Vitor
5 31 311.875
Vitor
5 30 746.951
Vitor
5 17 724.187
Vitor
5 10 772.269
Vitor
5 10 803.154
Vitor
5 37 471.213
Vitor
5 60 86.442
Vitor
5 20 592.272
Vitor
5 10 351.031
Vitor
5 27 942.935
Vitor
5 20 987.415
Vitor
5 53 40.877
Vitor
5 35 19.310
Vitor
5 44 639.415
Vitor
5 50 206.629
Vitor
5 36 567.697
Vitor
5 23 604.522
Vitor
5 15 359.198
Vitor
5 37 750.669
Vitor
5 13 45.062
Vitor
5 35 336.782
Vitor
5 24 696.138
Vitor
5 34 662.790
Vitor
5 12 437.251
Vitor
5 15 692.085
Vitor
5 43 738.298
Vitor
5 49 49.358
Vitor
5 45 222.443
Vitor
5 26 845.621
Vitor
5 31 27.725
Vitor
5 45 162.981
Vitor
5 31 87.107
Vitor
5 22 942.775
Vitor
5 88 128.917
Vitor
5 5 126.829
Vitor
5 65 763.620
Vitor
5 56 690.255
Vitor
5 70 403.189
Vitor
5 74 264.522
Vitor
5 25 399.571
Vitor
5 10 253.331
Vitor
5 45 668.811
Vitor
5 24 466.102
Vitor
5 55 404.062
Vitor
5 37 753.113
Vitor
5 30 396.678
Vitor
5 48 543.561
Vitor
5 98 199.950
Vitor
5 77 962.794
Vitor
5 39 179.781
Vitor
5 42 19.200
Vitor
5 58 69.588
Vitor
5 93 919.512
Vitor
5 48 95.205
Vitor
5 55 345.921
Vitor
5 74 656.993
Vitor
5 59 181.703
Vitor
5 9 418.294
Vitor
5 51 733.411
Vitor
5 109 959.528
Vitor
5 87 254.143
Vitor
5 115 435.322
Vitor
5 106 356.343
Vitor
5 106 800.393
Vitor
5 93 996.845
Vitor
5 37 441.466
Vitor
5 75 956.279
Vitor
5 107 241.852
Vitor
5 20 500.183
Vitor
5 67 92.530
Vitor
5 103 864.539
Vitor
5 21 961.709
Vitor
5 87 108.032
Vitor
5 74 694.047
Vitor
5 99 202.359
Vitor
5 76 360.671
Vitor
5 126 42.486
Vitor
5 111 286.910
Vitor
5 67 947.619
Vitor
5 80 267.023
Vitor
5 137 100.181
Vitor
5 56 476.861
Vitor
5 71 735.895
Vitor
5 14 964.957
Vitor
5 80 88.475
Vitor
5 130 114.887
Vitor
5 118 839.715
Vitor
5 5 515.608
Vitor
5 4 456.599
Vitor
5 18 305.543
Vitor
5 13 412.287
Vitor
5 28 148.164
Vitor
5 62 494.913
Vitor
5 125 886.306
Vitor
5 96 38.730
Vitor
5 59 903.348
Vitor
5 87 894.523
Vitor
5 68 711.724
Vitor
5 7 131.626
Vitor
5 126 899.201
Vitor
5 124 766.873
Vitor
5 141 689.468
Vitor
5 85 123.388
Vitor
5 118 70.688
Vitor
5 125 447.436
Vitor
5 7 271.649
Vitor
5 132 75.151
Vitor
5 74 830.848
Vitor
5 20 371.240
Vitor
5 124 528.948
Vitor
5 155 903.189
Vitor
5 9 548.881
Vitor
5 132 845.209
Vitor
5 59 944.483
Vitor
5 21 969.991
Vitor
5 66 713.289
Vitor
5 135 890.477
Vitor
5 83 859.805
Vitor
5 119 124.187
Vitor
5 174 626.557
Vitor
5 148 823.077
Vitor
5 156 947.699
Vitor
5 70 834.372
Vitor
5 68 500.996
Vitor
5 51 12.054
Vitor
5 37 131.934
Vitor
5 126 494.944
Vitor
5 145 712.956
Vitor
5 66 974.126
Vitor
5 18 349.693
Vitor
5 19 533.828
Vitor
5 115 197.334
Vitor
5 25 498.444
Vitor
5 50 470.876
Vitor
5 36 987.632
Vitor
5 26 710.607
Vitor
5 16 511.992
Vitor
5 143 257.994
Vitor
5 106 953.205
Vitor
5 168 68.329
Vitor
5 49 305.287
Vitor
5 89 880.503
Vitor
5 190 397.432
Vitor
5 12 689.441
Vitor
5 180 283.603
Vitor
5 15 832.027
Vitor
5 155 134.821
Vitor
5 138 758.089
Vitor
5 146 86.500
Vitor
5 108 772.249
Vitor
5 83 842.751
Vitor
5 201 433.899
Vitor
5 101 173.866
Vitor
5 194 217.460
Vitor
5 162 967.236
Vitor
5 151 92.331
Vitor
5 125 486.054
Vitor
5 158 105.460
Vitor
5 72 598.998
Vitor
5 86 771.396
Vitor
5 166 350.388
Vitor
5 162 732.737
Vitor
5 153 632.785
Vitor
5 47 634.826
Vitor
5 128 752.496
Vitor
5 122 826.122
Vitor
5 62 922.635
Vitor
5 86 982.694
Vitor
5 152 468.267
Vitor
5 60 739.925
Vitor
5 148 2.297
Vitor
5 185 740.731
Vitor
5 69 837.795
Vitor
5 14 404.541
Vitor
5 178 157.445
Vitor
5 202 868.451
Vitor
5 219 295.712
Vitor
5 47 25.746
Vitor
5 228 608.367
Vitor
5 117 680.487
Vitor
5 64 584.000
Vitor
5 140 472.462
Vitor
5 191 282.983
Vitor
5 37 635.841
Vitor
5 219 171.663
Vitor
5 209 219.457
Vitor
5 203 724.374
Vitor
5 158 695.015
Vitor
5 238 839.084
Vitor
5 39 548.020
Vitor
5 51 791.845
Vitor
5 80 537.066
Vitor
5 230 17.660
Vitor
5 63 532.407
Vitor
5 87 739.737
Vitor
5 235 503.242
Vitor
5 11 235.856
Vitor
5 3 863.076
Vitor
5 92 947.212
Vitor
5 38 302.793
Vitor
5 215 391.035
Vitor
5 125 325.540
Vitor
5 136 515.143
Vitor
5 177 710.284
Vitor
5 51 636.464
Vitor
5 71 867.109
Vitor
5 144 191.127
Vitor
5 161 32.220
Vitor
5 215 483.340
Vitor
5 88 351.166
Vitor
5 251 293.874
Vitor
5 233 579.518
Vitor
5 159 346.464
Vitor
5 126 564.921
Vitor
5 247 457.864
Vitor
5 163 445.257
Vitor
5 10 939.020
Vitor
5 178 997.014
Vitor
5 267 824.057
Vitor
5 63 841.096
Vitor
5 190 998.306
Vitor
5 30 405.184
Vitor
5 202 145.085
Vitor
5 45 914.573
Vitor
5 86 518.383
Vitor
5 276 367.855
Vitor
5 61 152.852
Vitor
5 59 341.987
Vitor
5 59 906.321
Vitor
5 109 342.049
Vitor
5 284 323.678
Vitor
5 107 729.437
Vitor
5 281 590.808
Vitor
5 284 749.567
Vitor
5 264 950.101
Vitor
5 188 391.739
Vitor
5 144 815.220
Vitor
5 184 654.193
Vitor
5 64 750.679
Vitor
5 183 621.436
Vitor
5 227 383.561
Vitor
5 192 597.672
Vitor
5 147 453.017
Vitor
5 261 68.434
Vitor
5 5 879.272
Vitor
5 236 239.876
Vitor
5 6 714.142
Vitor
5 274 498.354
Vitor
5 33 728.469
Vitor
5 306 752.519
Vitor
5 2 354.936
Vitor
5 240 659.682
Vitor
5 77 457.534
Vitor
5 78 679.518
Vitor
5 20 915.345
Vitor
5 91 993.629
Vitor
5 224 290.246
Vitor
5 102 351.672
Vitor
5 21 47.313
Vitor
5 311 618.954
Vitor
5 231 346.941
Vitor
5 89 162.241
Vitor
5 299 860.847
Vitor
5 308 915.089
Vitor
5 49 941.220
Vitor
5 74 300.591
Vitor
5 86 811.868
Vitor
5 110 499.016
Vitor
5 130 306.852
Vitor
5 184 993.968
Vitor
5 300 479.489
Vitor
5 134 37.455
Vitor
5 308 611.603
Vitor
5 100 545.703
Vitor
5 176 841.937
Vitor
5 278 618.206
Vitor
5 43 56.191
Vitor
5 242 799.018
Vitor
5 51 957.394
Vitor
5 29 539.059
Vitor
5 153 898.069
Vitor
5 17 711.122
Vitor
5 223 832.627
Vitor
5 32 12.043
Vitor
5 316 421.378
Vitor
5 299 394.380
Vitor
5 55 26.313
Vitor
5 340 703.307
Vitor
5 7 853.667
Vitor
5 227 813.185
Vitor
5 334 446.371
Vitor
5 92 917.187
Vitor
5 228 728.191
Vitor
5 207 935.952
Vitor
5 149 946.666
Vitor
5 196 100.552
Vitor
5 235 347.365
Vitor
5 133 71.024
Vitor
5 238 54.517
Vitor
5 352 835.823
Vitor
5 10 121.783
Vitor
5 266 893.115
Vitor
5 305 694.743
Vitor
5 255 302.365
Vitor
5 360 878.136
Vitor
5 307 760.366
Vitor
5 23 546.942
Vitor
5 143 827.069
Vitor
5 26 910.112
Vitor
5 248 477.070
Vitor
5 244 270.737
Vitor
5 311 734.217
Vitor
5 167 422.001
Vitor
5 44 314.447
Vitor
5 370 921.012
Vitor
5 355 985.118
Vitor
5 103 413.178
Vitor
5 74 190.893
Vitor
5 47 991.007
Vitor
5 51 172.683
Vitor
5 159 125.161
Vitor
5 28 193.650
Vitor
5 212 126.955
Vitor
5 192 979.940
Vitor
5 231 816.444
Vitor
5 241 442.901
Vitor
5 279 67.337
Vitor
5 223 221.636
Vitor
5 91 15.063
Vitor
5 240 514.912
Vitor
5 379 719.057
Vitor
5 27 495.224
Vitor
5 293 378.263
Vitor
5 378 756.508
Vitor
5 226 695.727
Vitor
5 392 271.117
Vitor
5 154 378.593
Vitor
5 200 525.695
Vitor
5 71 518.190
Vitor
5 380 91.672
Vitor
5 27 995.350
Vitor
5 124 454.520
Vitor
5 107 228.044
Vitor
5 109 101.081
Vitor
5 216 728.591
Vitor
5 60 695.535
Vitor
5 48 116.024
Vitor
5 328 96.236
Vitor
5 135 393.228
Vitor
5 156 896.262
Vitor
5 218 298.288
Vitor
5 12 942.548
Vitor
5 246 148.499
Vitor
5 387 731.486
Vitor
5 341 6.583
Vitor
5 387 34.028
Vitor
5 136 874.083
Vitor
5 60 97.324
Vitor
5 170 681.057
Vitor
5 134 377.939
Vitor
5 252 814.399
Vitor
5 327 890.002
Vitor
5 390 780.586
Vitor
5 351 457.414
Vitor
5 220 871.687
Vitor
5 69 295.474
Vitor
5 410 37.408
Vitor
5 216 395.913
Vitor
5 333 738.971
Vitor
5 56 368.948
Vitor
5 383 466.909
Vitor
5 410 263.840
Vitor
5 344 407.878
Vitor
5 27 959.472
Vitor
5 209 75.922
Vitor
5 292 47.640
Vitor
5 277 443.590
Vitor
5 91 853.448
Vitor
5 272 956.585
Vitor
5 47 914.342
Vitor
5 413 180.891
Vitor
5 352 547.304
Vitor
5 426 480.544
Vitor
5 211 920.558
Vitor
5 256 586.969
Vitor
5 413 997.773
Vitor
5 47 241.539
Vitor
5 354 911.224
Vitor
5 230 655.482
Vitor
5 445 771.057
Vitor
5 36 240.812
Vitor
5 74 654.429
Vitor
5 448 789.044
Vitor
5 230 908.578
Vitor
5 353 851.443
Vitor
5 9 122.957
Vitor
5 171 581.793
Vitor
5 263 283.337
Vitor
5 423 129.832
Vitor
5 88 314.556
Vitor
5 123 42.458
Vitor
5 181 287.032
Vitor
5 229 90.295
Vitor
5 49 449.767
Vitor
5 181 101.657
Vitor
5 249 509.885
Vitor
5 364 555.873
Vitor
5 299 26.871
Vitor
5 465 704.895
Vitor
5 448 123.250
Vitor
5 300 307.425
Vitor
5 105 621.377
Vitor
5 52 432.822
Vitor
5 376 467.908
Vitor
5 253 141.314
Vitor
5 242 312.159
Vitor
5 424 94.795
Vitor
5 369 467.770
Vitor
5 68 830.152
Vitor
5 382 963.572
Vitor
5 465 138.361
Vitor
5 420 790.630
Vitor
5 39 154.124
Vitor
5 382 588.208
Vitor
5 217 785.654
Vitor
5 339 448.062
Vitor
5 74 474.018
Vitor
5 369 982.299
Vitor
5 258 6.859
Vitor
5 352 502.198
Vitor
5 243 749.024
Vitor
5 391 331.946
Vitor
5 167 446.254
Vitor
5 177 61.614
Vitor
5 332 717.253
Vitor
5 335 724.568
Vitor
5 160 14.995
Vitor
5 197 98.904
Vitor
5 117 365.404
Vitor
5 425 60.843
Vitor
5 65 914.923
Vitor
5 382 760.490
Vitor
5 425 611.049
Vitor
5 142 328.486
Vitor
5 118 709.349
Vitor
5 477 282.434
Vitor
5 354 161.394
Vitor
5 109 818.545
Vitor
5 424 414.096
Vitor
5 298 400.407
Vitor
5 456 421.697
Vitor
5 156 536.019
Vitor
5 156 672.877
Vitor
5 86 638.516
Vitor
5 251 838.388
Vitor
5 352 705.692
Vitor
5 467 240.968
Vitor
5 89 174.956
Vitor
5 41 241.676
Vitor
5 347 502.630
Vitor
5 231 850.479
Vitor
5 353 442.102
Vitor
5 412 399.444
Vitor
5 8 619.522
Vitor
5 69 173.510
Vitor
5 444 493.945
Vitor
5 139 693.960
Vitor
5 489 64.604
Vitor
5 213 181.240
Vitor
5 507 921.471
Vitor
5 418 918.831
Vitor
5 396 321.995
Vitor
5 452 126.049
Vitor
5 374 44.521
Vitor
5 529 516.746
Vitor
5 13 835.102
Vitor
5 8 848.568
Vitor
5 338 895.450
Vitor
5 204 54.204
Vitor
5 85 94.257
Vitor
5 465 567.605
Vitor
5 388 339.274
Vitor
5 97 134.519
Vitor
5 339 144.755
Vitor
5 434 623.350
Vitor
5 63 884.443
Vitor
5 358 726.093
Vitor
5 359 251.037
Vitor
5 500 219.742
Vitor
5 375 736.220
Vitor
5 523 359.062
Vitor
5 515 136.417
Vitor
5 45 881.231
Vitor
5 118 971.996
Vitor
5 259 579.544
Vitor
5 470 679.503
Vitor
5 30 170.808
Vitor
5 392 925.067
Vitor
5 349 939.008
Vitor
5 487 137.439
Vitor
5 184 168.752
Vitor
5 544 653.596
Vitor
5 477 744.673
Vitor
5 554 296.043
Vitor
5 265 200.191
Vitor
5 398 733.607
Vitor
5 191 636.290
Vitor
5 545 799.589
Vitor
5 562 934.596
Vitor
5 274 969.309
Vitor
5 14 354.190
Vitor
5 437 177.641
Vitor
5 568 700.294
Vitor
5 101 346.679
Vitor
5 67 205.234
Vitor
5 483 234.364
Vitor
5 329 22.353
Vitor
5 317 817.887
Vitor
5 228 792.593
Vitor
5 396 247.794
Vitor
5 422 178.898
Vitor
5 393 101.095
Vitor
5 371 884.130
Vitor
5 405 365.414
Vitor
5 493 188.621
Vitor
5 216 849.218
Vitor
5 252 499.888
Vitor
5 117 584.162
Vitor
5 508 162.272
Vitor
5 212 355.836
Vitor
5 541 931.312
Vitor
5 425 774.197
Vitor
5 102 994.513
Vitor
5 498 237.044
Vitor
5 506 738.720
Vitor
5 216 812.595
Vitor
5 382 15.297
Vitor
5 285 765.511
Vitor
5 205 330.726
Vitor
5 82 750.858
Vitor
5 169 465.648
Vitor
5 525 94.863
Vitor
5 291 143.288
Vitor
5 378 198.422
Vitor
5 487 126.219
Vitor
5 49 189.420
Vitor
5 456 177.163
Vitor
5 490 43.900
Vitor
5 422 588.406
Vitor
5 2 991.486
Vitor
5 568 798.488
Vitor
5 51 277.449
Vitor
5 210 234.124
Vitor
5 341 745.916
Vitor
5 173 173.885
Vitor
5 399 116.902
Vitor
5 279 96.851
Vitor
5 316 154.126
Vitor
5 522 407.143
Vitor
5 597 62.052
Vitor
5 138 423.159
Vitor
5 413 139.949
Vitor
5 55 247.794
Vitor
5 170 804.702
Vitor
5 278 981.146
Vitor
5 565 712.383
Vitor
5 500 116.622
Vitor
5 73 626.123
Vitor
5 225 549.144
Vitor
5 547 948.302
Vitor
5 436 868.814
Vitor
5 401 395.266
Vitor
5 14 793.322
Vitor
5 13 238.509
Vitor
5 96 418.293
Vitor
5 314 282.883
Vitor
5 422 584.738
Vitor
5 433 474.478
Vitor
5 140 639.385
Vitor
5 593 217.788
Vitor
5 408 75.368
Vitor
5 152 432.870
Vitor
5 47 920.003
Vitor
5 307 575.442
Vitor
5 171 463.738
Vitor
5 255 708.528
Vitor
5 577 105.300
Vitor
5 56 330.922
Vitor
5 100 685.891
Vitor
5 566 648.143
Vitor
5 599 902.696
Vitor
5 323 978.340
Vitor
5 448 386.562
Vitor
5 21 352.670
Vitor
5 275 248.350
Vitor
5 576 162.832
Vitor
5 185 500.630
Vitor
5 265 548.414
Vitor
5 397 687.400
Vitor
5 625 406.133
Vitor
5 36 163.952
Vitor
5 505 0.043
Vitor
5 502 251.161
Vitor
5 446 716.931
Vitor
5 103 416.748
Vitor
5 221 557.589
Vitor
5 515 812.453
Vitor
5 362 839.583
Vitor
5 543 505.100
Vitor
5 660 741.315
Vitor
5 599 762.712
Vitor
5 48 109.873
Vitor
5 117 532.554
Vitor
5 250 200.329
Vitor
5 252 814.847
Vitor
5 287 887.445
Vitor
5 27 753.828
Vitor
5 95 280.756
Vitor
5 240 251.157
Vitor
5 44 458.394
Vitor
5 124 879.113
Vitor
5 652 20.053
Vitor
5 350 551.912
Vitor
5 557 923.286
Vitor
5 658 51.890
Vitor
5 326 843.167
Vitor
5 181 117.805
Vitor
5 257 110.649
Vitor
5 545 644.032
Vitor
5 497 386.665
Vitor
5 17 950.145
Vitor
5 47 470.383
Vitor
5 101 710.654
Vitor
5 222 741.667
Vitor
5 490 265.178
Vitor
5 366 146.068
Vitor
5 573 216.044
Vitor
5 671 868.562
Vitor
5 259 542.110
Vitor
5 529 857.673
Vitor
5 535 489.153
Vitor
5 87 441.307
Vitor
5 431 170.232
Vitor
5 609 773.669
Vitor
5 266 895.639
Vitor
5 440 305.848
Vitor
5 570 467.149
Vitor
5 424 582.461
Vitor
5 202 560.074
Vitor
5 529 655.967
Vitor
5 676 40.541
Vitor
5 473 2.247
Vitor
5 584 517.214
Vitor
5 442 57.246
Vitor
5 438 179.009
Vitor
5 576 686.029
Vitor
5 565 132.111
Vitor
5 697 791.473
Vitor
5 544 711.996
Vitor
5 712 149.312
Vitor
5 376 241.830
Vitor
5 47 969.771
Vitor
5 491 264.095
Vitor
5 394 919.487
Vitor
5 62 392.713
Vitor
5 330 682.125
Vitor
5 710 926.547
Vitor
5 509 206.192
Vitor
5 37 587.886
Vitor
5 559 19.437
Vitor
5 418 694.709
Vitor
5 379 467.762
Vitor
5 557 865.506
Vitor
5 267 645.516
Vitor
5 605 340.731
Vitor
5 697 701.490
Vitor
5 243 249.988
Vitor
5 359 324.244
Vitor
5 574 739.847
Vitor
5 405 854.604
Vitor
5 452 851.891
Vitor
5 230 82.167
Vitor
5 217 253.805
Vitor
5 541 222.199
Vitor
5 554 68.150
Vitor
5 397 124.939
Vitor
5 159 463.455
Vitor
5 678 106.032
Vitor
5 664 851.937
Vitor
5 407 422.816
Vitor
5 585 546.376
Vitor
5 300 291.581
Vitor
5 392 311.921
Vitor
5 77 343.151
Vitor
5 97 375.910
Vitor
5 716 184.328
Vitor
5 69 250.836
Vitor
5 481 522.591
Vitor
5 203 587.560
Vitor
5 287 346.333
Vitor
5 8 19.130
Vitor
5 57 934.922
Vitor
5 114 63.974
Vitor
5 36 844.251
Vitor
5 694 308.855
Vitor
5 662 624.932
Vitor
5 569 907.726
Vitor
5 378 167.948
Vitor
5 483 48.691
Vitor
5 337 787.767
Vitor
5 683 225.207
Vitor
5 1 685.106
Vitor
5 21 271.296
Vitor
5 728 497.038
Vitor
5 85 468.839
Vitor
5 732 30.918
Vitor
5 590 347.348
Vitor
5 52 3.259
Vitor
5 300 523.148
Vitor
5 63 359.937
Vitor
5 88 147.282
Vitor
5 258 687.235
Vitor
5 412 450.439
Vitor
5 557 307.360
Vitor
5 525 398.988
Vitor
5 274 956.436
Vitor
5 457 583.575
Vitor
5 119 616.591
Vitor
5 509 849.240
Vitor
5 34 230.079
Vitor
5 782 506.057
Vitor
5 251 355.105
Vitor
5 688 743.191
Vitor
5 48 297.431
Vitor
5 756 238.579
Vitor
5 153 614.694
Vitor
5 365 191.294
Vitor
5 167 473.574
Vitor
5 509 189.818
Vitor
5 531 657.215
Vitor
5 268 392.413
Vitor
5 204 213.001
Vitor
5 415 771.546
Vitor
5 346 863.564
Vitor
5 130 492.278
Vitor
5 763 971.569
Vitor
5 455 870.994
Vitor
5 616 368.092
Vitor
5 571 717.744
Vitor
5 148 396.876
Vitor
5 195 839.244
Vitor
5 147 858.537
Vitor
5 710 346.204
Vitor
5 242 188.623
Vitor
5 367 629.397
Vitor
5 339 641.180
Vitor
5 775 492.194
Vitor
5 733 30.503
Vitor
5 476 716.479
Vitor
5 69 400.878
Vitor
5 567 504.064
Vitor
5 698 723.445
Vitor
5 340 731.826
Vitor
5 438 21.947
Vitor
5 90 757.061
Vitor
5 784 405.894
Vitor
5 120 946.745
Vitor
5 256 175.899
Vitor
5 426 629.246
Vitor
5 611 345.324
Vitor
5 473 243.064
Vitor
5 234 313.157
Vitor
5 602 357.039
Vitor
5 332 998.998
Vitor
5 538 754.081
Vitor
5 389 314.979
Vitor
5 333 805.028
Vitor
5 351 665.907
Vitor
5 560 129.962
Vitor
5 639 502.777
Vitor
5 104 623.029
Vitor
5 522 32.384
Vitor
5 680 205.806
Vitor
5 4 895.428
Vitor
5 302 89.157
Vitor
5 544 126.399
Vitor
5 757 259.962
Vitor
5 49 583.832
Vitor
5 442 783.217
Vitor
5 567 723.223
Vitor
5 660 15.411
Vitor
5 491 828.147
Vitor
5 550 76.627
Vitor
5 407 873.645
Vitor
5 613 214.612
Vitor
5 423 126.316
Vitor
5 124 317.797
Vitor
5 383 956.472
Vitor
5 736 883.335
Vitor
5 685 391.359
Vitor
5 823 125.357
Vitor
5 307 821.065
Vitor
5 280 957.315
Vitor
5 750 518.672
Vitor
5 518 20.432
Vitor
5 522 310.535
Vitor
5 31 280.098
Vitor
5 347 372.634
Vitor
5 381 665.441
Vitor
5 554 79.666
Vitor
5 768 655.406
Vitor
5 607 750.399
Vitor
5 236 881.034
Vitor
5 342 13.159
Vitor
5 442 75.123
Vitor
5 791 253.213
Vitor
5 825 922.277
Vitor
5 265 102.152
Vitor
5 570 511.880
Vitor
5 574 652.828
Vitor
5 523 862.720
Vitor
5 438 84.507
Vitor
5 799 134.750
Vitor
5 582 532.247
Vitor
5 349 219.772
Vitor
5 204 712.948
Vitor
5 275 334.247
Vitor
5 604 364.734
Vitor
5 49 170.218
Vitor
5 500 12.354
Vitor
5 473 298.763
Vitor
5 592 962.175
Vitor
5 266 856.198
Vitor
5 8 133.336
Vitor
5 360 201.504
Vitor
5 402 933.094
Vitor
5 680 782.232
Vitor
5 606 239.747
Vitor
5 208 991.094
Vitor
5 540 749.877
Vitor
5 596 900.260
Vitor
5 347 602.397
Vitor
5 715 926.173
Vitor
5 232 482.493
Vitor
5 806 861.376
Vitor
5 817 374.438
Vitor
5 521 760.415
Vitor
5 462 413.884
Vitor
5 71 917.292
Vitor
5 793 533.747
Vitor
5 799 849.737
Vitor
5 802 215.726
Vitor
5 15 484.442
Vitor
5 246 65.304
Vitor
5 521 743.820
Vitor
5 863 202.755
Vitor
5 763 278.008
Vitor
5 839 394.941
Vitor
5 514 804.987
Vitor
5 135 333.277
Vitor
5 686 888.634
Vitor
5 96 859.206
Vitor
5 237 560.680
Vitor
5 851 298.367
Vitor
5 252 820.311
Vitor
5 354 629.474
Vitor
5 64 815.308
Vitor
5 113 334.722
Vitor
5 554 333.377
Vitor
5 418 807.991
Vitor
5 83 731.561
Vitor
5 411 237.631
Vitor
5 339 848.602
Vitor
5 615 246.454
Vitor
5 617 542.710
Vitor
5 177 352.656
Vitor
5 78 320.151
Vitor
5 706 596.747
Vitor
5 885 484.953
Vitor
5 579 391.509
Vitor
5 629 243.581
Vitor
5 514 8.017
Vitor
5 533 898.887
Vitor
5 32 391.345
Vitor
5 220 259.118
Vitor
5 775 825.814
Vitor
5 571 726.435
Vitor
5 454 32.952
Vitor
5 870 245.073
Vitor
5 794 261.331
Vitor
5 597 408.195
Vitor
5 836 735.481
Vitor
5 156 342.202
Vitor
5 931 641.882
Vitor
5 398 260.046
Vitor
5 368 165.124
Vitor
5 702 87.078
Vitor
5 618 595.222
Vitor
5 106 548.585
Vitor
5 680 734.582
Vitor
5 503 185.903
Vitor
5 719 831.087
Vitor
5 134 172.898
Vitor
5 552 520.080
Vitor
5 911 692.502
Vitor
5 520 722.107
Vitor
5 907 428.102
Vitor
5 785 861.748
Vitor
5 911 822.520
Vitor
5 539 113.813
Vitor
5 311 569.726
Vitor
5 722 618.899
Vitor
5 441 968.431
Vitor
5 382 159.122
Vitor
5 16 717.040
Vitor
5 397 357.423
Vitor
5 696 486.804
Vitor
5 43 847.986
Vitor
5 928 601.606
Vitor
5 259 594.026
Vitor
5 42 182.181
Vitor
5 864 943.862
Vitor
5 740 290.074
Vitor
5 371 380.588
Vitor
5 905 825.592
Vitor
5 196 227.865
Vitor
5 211 289.691
Vitor
5 669 568.475
Vitor
5 295 60.885
Vitor
5 458 324.194
Vitor
5 30 654.005
Vitor
5 946 713.573
Vitor
5 567 902.832
Vitor
5 860 833.216
Vitor
5 687 445.977
Vitor
5 235 831.250
Vitor
5 356 259.727
Vitor
5 587 271.145
Vitor
5 124 97.074
Vitor
5 711 695.100
Vitor
5 419 178.839
Vitor
5 302 350.689
Vitor
5 138 286.082
Vitor
